230,11,141
229,10,144
227,9,147
225,8,150
223,6,153
221,6,156
218,5,159
216,4,162
214,3,165
212,2,168
209,2,171
207,1,174
204,1,177
202,1,180
199,0,183
197,0,186
194,0,189
191,0,191
189,0,194
186,0,197
183,0,199
180,1,202
177,1,204
174,1,207
171,2,209
168,2,212
165,3,214
162,4,216
159,5,218
156,6,221
153,6,223
150,8,225
147,9,227
144,10,229
141,11,231
138,12,232
135,14,234
131,15,236
128,17,238
125,18,239
122,20,241
119,22,242
116,23,243
113,25,245
109,27,246
106,29,247
103,31,248
100,33,249
97,35,250
94,38,251
91,40,252
88,42,252
85,45,253
82,47,253
79,49,254
76,52,254
73,54,255
71,57,255
68,60,255
65,62,255
62,65,255
60,68,255
57,71,255
54,73,255
52,76,254
49,79,254
47,82,253
45,85,253
42,88,252
40,91,252
38,94,251
35,97,250
33,100,249
31,103,248
29,106,247
27,109,246
25,113,245
23,116,243
22,119,242
20,122,241
18,125,239
17,128,238
15,131,236
14,135,234
12,138,232
11,141,231
10,144,229
9,147,227
8,150,225
6,153,223
6,156,221
5,159,218
4,162,216
3,165,214
2,168,212
2,171,209
1,174,207
1,177,204
1,180,202
0,183,199
0,186,197
0,189,194
0,191,191
0,194,189
0,197,186
0,199,183
1,202,180
1,204,177
1,207,174
2,209,171
2,212,168
3,214,165
4,216,162
5,218,159
6,221,156
6,223,153
8,225,150
9,227,147
10,229,144
11,231,141
12,232,138
14,234,135
15,236,131
17,238,128
18,239,125
20,241,122
22,242,119
23,243,116
25,245,113
27,246,109
29,247,106
31,248,103
33,249,100
35,250,97
38,251,94
40,252,91
42,252,88
45,253,85
47,253,82
49,254,79
52,254,76
54,255,73
57,255,71
60,255,68
62,255,65
65,255,62
68,255,60
71,255,57
73,255,54
76,254,52
79,254,49
82,253,47
85,253,45
88,252,42
91,252,40
94,251,38
97,250,35
100,249,33
103,248,31
106,247,29
109,246,27
113,245,25
116,243,23
119,242,22
122,241,20
125,239,18
128,238,17
131,236,15
135,234,14
138,232,12
141,231,11
144,229,10
147,227,9
150,225,8
153,223,6
156,221,6
159,218,5
162,216,4
165,214,3
168,212,2
171,209,2
174,207,1
177,204,1
180,202,1
183,199,0
186,197,0
189,194,0
191,191,0
194,189,0
197,186,0
199,183,0
202,180,1
204,177,1
207,174,1
209,171,2
212,168,2
214,165,3
216,162,4
218,159,5
221,156,6
223,153,6
225,150,8
227,147,9
229,144,10
231,141,11
232,138,12
234,135,14
236,131,15
238,128,17
239,125,18
241,122,20
242,119,22
243,116,23
245,113,25
246,109,27
247,106,29
248,103,31
249,100,33
250,97,35
251,94,38
252,91,40
252,88,42
253,85,45
253,82,47
254,79,49
254,76,52
255,73,54
255,71,57
255,68,60
255,65,62
255,62,65
255,60,68
255,57,71
255,54,73
254,52,76
254,49,79
253,47,82
253,45,85
252,42,88
252,40,91
251,38,94
250,35,97
249,33,100
248,31,103
247,29,106
246,27,109
245,25,113
243,23,116
242,22,119
241,20,122
239,18,125
238,17,128
236,15,131
234,14,135
232,12,138
230,11,141